5  5  3   5  5  5   3  5  5             0  8  0   0  0  8   -8 0  0
5  0  3   3  0  3   3  0  5             0  0  0   -8 0  0   0  0  8
3  3  3   3  3  3   3  3  3             -8 0  0   0  0  0   0  0  0
                                         (100)     (010)     (110)
5  3  3             3  3  5             8  0  0             3  3  5
5  0  3             3  0  5  DELTAS ->  0  0  0             3  0  5
5  3  3             3  3  5             0  -8 0             3  3  5
                                         (001)               (000)
3  3  3   3  3  3   3  3  3             0  0  0   0  0  0   0  0 -8
5  0  3   3  0  3   3  0  5             8  0  0   0  0 -8   0  0  0
5  5  3   5  5  5   3  5  5             0  0 -8   8  0  0   0  8  0
                                         (111)     (011)     (101)